 mode  QM-Freq   MD-Freq     Diff.  %Error
   7      88.0       6.2      81.8   93.01
   8     105.7       6.7      99.0   93.68
   9     169.8     141.2      28.5   16.81
  10     281.5     329.5     -48.0  -17.05
  11     310.3     366.8     -56.5  -18.22
  12     513.9     571.5     -57.6  -11.21
  13     546.3     586.9     -40.7   -7.44
  14     694.5     716.4     -21.9   -3.16
  15     778.2     771.0       7.1    0.92
  16     830.9     814.3      16.6    1.99
  17     869.1     856.4      12.7    1.46
  18     964.0     964.8      -0.8   -0.09
  19     965.7    1000.7     -35.0   -3.63
  20     989.3    1003.9     -14.6   -1.47
  21    1018.7    1076.5     -57.7   -5.67
  22    1039.1    1105.9     -66.8   -6.43
  23    1041.3    1107.2     -65.9   -6.33
  24    1069.7    1120.9     -51.2   -4.79
  25    1109.1    1129.5     -20.4   -1.84
  26    1260.1    1199.0      61.1    4.85
  27    1324.0    1224.5      99.5    7.52
  28    1325.8    1230.7      95.1    7.17
  29    1415.7    1349.8      65.8    4.65
  30    1437.1    1360.1      77.1    5.36
  31    1462.0    1423.3      38.7    2.65
  32    1733.9    1733.3       0.6    0.04
  33    1736.5    1748.7     -12.2   -0.70
  34    1750.2    1767.8     -17.7   -1.01
  35    3146.7    3165.1     -18.5   -0.59
  36    3153.9    3167.6     -13.7   -0.44
  37    3158.3    3168.2      -9.9   -0.31
  38    3170.3    3168.9       1.3    0.04
  39    3173.7    3204.1     -30.4   -0.96
  40    3177.8    3204.1     -26.3   -0.83
  41    3266.8    3232.2      34.6    1.06
  42    3267.1    3232.2      34.9    1.07


         QM vectors              MD Vectors
==================================================
Mode 7
  -0.056   0.063  -0.092     0.120  -0.053   0.085
   0.057   0.063   0.093    -0.123  -0.057  -0.088
   0.187   0.205   0.219    -0.243  -0.137  -0.195
  -0.044  -0.047  -0.044     0.004   0.030   0.015
  -0.172  -0.168  -0.171     0.120   0.105   0.125
  -0.008  -0.019  -0.028     0.002   0.029   0.007
  -0.001  -0.026  -0.056     0.003   0.029   0.012
   0.008  -0.019   0.028    -0.000   0.029  -0.005
   0.001  -0.026   0.056    -0.001   0.030  -0.009
   0.044  -0.046   0.043    -0.003   0.030  -0.014
   0.171  -0.167   0.171    -0.114   0.102  -0.120
   0.005   0.015   0.086    -0.111  -0.050  -0.070
  -0.187   0.205  -0.218     0.235  -0.129   0.188
  -0.005   0.015  -0.086     0.108  -0.046   0.067

Mode 8
   0.069  -0.021   0.020     0.081  -0.090   0.079
   0.069   0.021   0.020     0.076   0.088   0.076
   0.239   0.129   0.172     0.186   0.175   0.177
  -0.068  -0.056  -0.066    -0.043  -0.004  -0.036
  -0.237  -0.146  -0.226    -0.149  -0.087  -0.139
  -0.005  -0.018   0.045    -0.041  -0.001  -0.045
   0.046  -0.029   0.126    -0.040  -0.003  -0.053
  -0.005   0.018   0.045    -0.041   0.003  -0.046
   0.046   0.029   0.126    -0.040   0.004  -0.054
  -0.069   0.056  -0.066    -0.043   0.005  -0.037
  -0.238   0.147  -0.227    -0.155   0.091  -0.146
   0.005  -0.023  -0.059     0.064   0.078   0.070
   0.239  -0.129   0.172     0.197  -0.181   0.185
   0.004   0.023  -0.059     0.069  -0.081   0.073

Mode 9
   0.152  -0.006  -0.003    -0.109  -0.023   0.057
  -0.152  -0.006   0.003     0.109  -0.023  -0.056
  -0.143   0.081   0.023     0.050  -0.161  -0.126
  -0.077  -0.022  -0.027     0.088   0.042   0.036
  -0.099  -0.106  -0.056     0.162   0.164   0.114
  -0.006   0.036  -0.019     0.009  -0.023   0.034
   0.019   0.020  -0.037    -0.021  -0.004   0.057
   0.006   0.036   0.020    -0.009  -0.023  -0.034
  -0.019   0.021   0.038     0.021  -0.004  -0.057
   0.077  -0.022   0.026    -0.088   0.042  -0.036
   0.099  -0.106   0.056    -0.162   0.164  -0.114
  -0.233  -0.085   0.006     0.190   0.056  -0.069
   0.144   0.081  -0.022    -0.049  -0.161   0.126
   0.233  -0.085  -0.006    -0.190   0.056   0.069

Mode 10
   0.086   0.077  -0.006     0.083   0.078  -0.008
   0.086  -0.077  -0.007     0.083  -0.078  -0.008
   0.089  -0.251  -0.032     0.081  -0.245  -0.038
  -0.033  -0.041   0.050    -0.026  -0.037   0.054
   0.005   0.048   0.093     0.038   0.045   0.118
  -0.074  -0.050  -0.031    -0.076  -0.047  -0.034
  -0.052  -0.079  -0.154    -0.084  -0.064  -0.176
  -0.074   0.050  -0.032    -0.076   0.047  -0.034
  -0.052   0.079  -0.155    -0.084   0.064  -0.177
  -0.033   0.041   0.050    -0.026   0.037   0.054
   0.005  -0.048   0.093     0.039  -0.045   0.118
   0.216   0.058  -0.047     0.198   0.039  -0.047
   0.088   0.251  -0.032     0.080   0.245  -0.038
   0.216  -0.058  -0.047     0.198  -0.039  -0.047

Mode 11
  -0.028  -0.041   0.021     0.017   0.050  -0.026
   0.027  -0.040  -0.021    -0.017   0.050   0.026
   0.201  -0.046   0.114    -0.191   0.066  -0.108
  -0.053  -0.003   0.041     0.054  -0.003  -0.053
  -0.201  -0.051  -0.097     0.221   0.069   0.102
   0.025   0.055   0.113    -0.024  -0.061  -0.105
   0.076   0.042   0.188    -0.053  -0.049  -0.119
  -0.024   0.055  -0.113     0.024  -0.061   0.105
  -0.076   0.042  -0.188     0.053  -0.049   0.119
   0.053  -0.003  -0.041    -0.054  -0.003   0.053
   0.201  -0.051   0.097    -0.221   0.069  -0.102
  -0.063  -0.080  -0.225     0.071   0.087   0.234
  -0.201  -0.047  -0.114     0.191   0.066   0.108
   0.063  -0.080   0.225    -0.071   0.087  -0.234

Mode 12
  -0.004   0.024  -0.013    -0.010   0.024  -0.016
  -0.004  -0.024  -0.013    -0.010  -0.025  -0.016
   0.195   0.017   0.150     0.166   0.011   0.128
   0.006   0.040   0.070     0.020   0.047   0.077
  -0.158  -0.089  -0.092    -0.211  -0.123  -0.145
   0.022   0.053  -0.010     0.017   0.050  -0.014
  -0.114   0.066  -0.331    -0.098   0.064  -0.299
   0.022  -0.052  -0.010     0.017  -0.050  -0.013
  -0.114  -0.065  -0.330    -0.098  -0.064  -0.298
   0.006  -0.040   0.069     0.020  -0.048   0.077
  -0.158   0.089  -0.092    -0.211   0.123  -0.146
  -0.199  -0.147  -0.284    -0.184  -0.136  -0.257
   0.195  -0.017   0.150     0.166  -0.013   0.128
  -0.199   0.147  -0.284    -0.185   0.137  -0.257

Mode 13
   0.022   0.037   0.020    -0.030  -0.036  -0.019
  -0.022   0.037  -0.020     0.030  -0.036   0.019
  -0.051   0.276  -0.005     0.035  -0.258  -0.015
   0.100   0.013  -0.049    -0.104  -0.022   0.037
   0.008  -0.006  -0.131     0.046   0.045   0.174
   0.026  -0.059   0.081    -0.027   0.061  -0.083
  -0.034  -0.016   0.168     0.022   0.033  -0.115
  -0.026  -0.059  -0.081     0.027   0.061   0.083
   0.033  -0.017  -0.169    -0.021   0.033   0.116
  -0.100   0.013   0.049     0.104  -0.021  -0.037
  -0.009  -0.005   0.130    -0.045   0.045  -0.173
  -0.202  -0.150   0.048     0.212   0.140  -0.006
   0.052   0.276   0.005    -0.035  -0.258   0.015
   0.201  -0.150  -0.049    -0.211   0.139   0.007

Mode 14
  -0.003  -0.030  -0.004     0.006   0.037   0.006
   0.003  -0.030   0.004    -0.006   0.037  -0.006
   0.152   0.043   0.133    -0.095  -0.008  -0.082
   0.079   0.035   0.068    -0.087  -0.031  -0.069
  -0.038  -0.114  -0.055     0.071   0.158   0.092
  -0.007   0.015  -0.085     0.014  -0.031   0.112
  -0.077   0.037  -0.177     0.031  -0.036   0.133
   0.007   0.015   0.085    -0.014  -0.031  -0.112
   0.077   0.037   0.177    -0.031  -0.036  -0.133
  -0.079   0.034  -0.068     0.087  -0.031   0.069
   0.038  -0.114   0.055    -0.071   0.158  -0.092
  -0.235  -0.201  -0.240     0.176   0.176   0.154
  -0.152   0.043  -0.133     0.095  -0.008   0.083
   0.235  -0.201   0.240    -0.176   0.176  -0.154

Mode 15
   0.013  -0.002  -0.019    -0.004   0.013   0.016
   0.013   0.002  -0.019    -0.004  -0.013   0.016
  -0.092   0.226  -0.065     0.082  -0.187   0.054
   0.058  -0.009  -0.029    -0.056   0.011   0.040
  -0.018   0.109  -0.078    -0.008  -0.041   0.076
  -0.044  -0.079   0.076     0.036   0.078  -0.089
  -0.118  -0.105  -0.336     0.141   0.098   0.376
  -0.044   0.079   0.076     0.036  -0.078  -0.089
  -0.118   0.105  -0.336     0.141  -0.098   0.376
   0.058   0.009  -0.029    -0.056  -0.011   0.041
  -0.018  -0.109  -0.078    -0.008   0.041   0.076
  -0.098  -0.142   0.149     0.070   0.085  -0.117
  -0.091  -0.226  -0.065     0.082   0.187   0.054
  -0.098   0.142   0.149     0.069  -0.085  -0.117

Mode 16
  -0.020  -0.025  -0.007     0.015   0.024   0.002
  -0.020   0.025  -0.007     0.015  -0.024   0.002
  -0.028  -0.095  -0.034    -0.014   0.105   0.002
  -0.083  -0.008  -0.028     0.096   0.011   0.024
   0.007   0.051   0.061    -0.035  -0.077  -0.100
   0.086   0.030   0.058    -0.089  -0.045  -0.048
   0.019  -0.006  -0.374    -0.041  -0.012   0.361
   0.086  -0.030   0.058    -0.089   0.045  -0.048
   0.020   0.006  -0.374    -0.040   0.012   0.362
  -0.083   0.008  -0.028     0.096  -0.011   0.024
   0.007  -0.051   0.061    -0.035   0.077  -0.100
   0.201   0.219   0.076    -0.162  -0.193   0.003
  -0.028   0.095  -0.034    -0.014  -0.105   0.002
   0.201  -0.219   0.077    -0.162   0.193   0.002

Mode 17
   0.037   0.060   0.011     0.036   0.052   0.004
  -0.037   0.060  -0.011    -0.036   0.052  -0.004
   0.078  -0.058   0.057     0.050  -0.102   0.038
  -0.057   0.061   0.044    -0.045   0.066   0.058
  -0.080   0.104   0.035    -0.151   0.090  -0.031
  -0.030  -0.128   0.011    -0.036  -0.121  -0.015
  -0.120  -0.094  -0.005    -0.104  -0.088   0.001
   0.030  -0.128  -0.011     0.036  -0.121   0.014
   0.120  -0.094   0.005     0.104  -0.088  -0.001
   0.057   0.061  -0.044     0.045   0.066  -0.058
   0.080   0.104  -0.035     0.151   0.090   0.031
  -0.027   0.124  -0.224    -0.009   0.136  -0.237
  -0.078  -0.059  -0.057    -0.050  -0.102  -0.038
   0.027   0.124   0.224     0.009   0.136   0.237

Mode 18
  -0.057   0.061  -0.058    -0.019  -0.070   0.011
  -0.057  -0.062  -0.058    -0.019   0.070   0.011
   0.277   0.234   0.254    -0.028  -0.126  -0.031
   0.029   0.011   0.017    -0.008   0.038   0.030
   0.006  -0.009  -0.007    -0.056   0.047  -0.013
  -0.013   0.014  -0.005     0.019  -0.116  -0.012
  -0.036   0.031   0.037     0.242  -0.219   0.002
  -0.013  -0.014  -0.005     0.019   0.116  -0.012
  -0.036  -0.031   0.037     0.242   0.219   0.002
   0.029  -0.011   0.017    -0.008  -0.038   0.030
   0.006   0.009  -0.007    -0.056  -0.047  -0.013
   0.243   0.149   0.269    -0.067   0.102  -0.306
   0.277  -0.233   0.253    -0.028   0.126  -0.031
   0.242  -0.148   0.268    -0.067  -0.102  -0.307

Mode 19
   0.069  -0.049   0.059    -0.069   0.047  -0.058
  -0.069  -0.049  -0.059     0.068   0.047   0.058
   0.294   0.204   0.266    -0.299  -0.207  -0.272
   0.025   0.017   0.019    -0.022  -0.016  -0.019
   0.008  -0.014   0.001    -0.021  -0.005  -0.016
   0.002  -0.001  -0.003     0.002   0.004   0.007
  -0.013   0.006  -0.005     0.021  -0.008  -0.011
  -0.002  -0.001   0.003    -0.002   0.004  -0.007
   0.014   0.006   0.005    -0.020  -0.008   0.011
  -0.025   0.017  -0.019     0.022  -0.016   0.019
  -0.008  -0.014  -0.000     0.021  -0.006   0.016
   0.255   0.195   0.225    -0.255  -0.199  -0.212
  -0.294   0.205  -0.267     0.301  -0.208   0.273
  -0.256   0.195  -0.226     0.257  -0.200   0.213

Mode 20
   0.040   0.052   0.016     0.074  -0.032   0.058
   0.040  -0.052   0.016     0.074   0.032   0.058
  -0.173  -0.039  -0.144    -0.298  -0.194  -0.270
   0.016  -0.036  -0.023    -0.025  -0.024  -0.026
  -0.076  -0.131  -0.121    -0.008  -0.020  -0.010
  -0.021   0.117   0.011     0.002   0.038   0.007
  -0.219   0.205  -0.010    -0.054   0.060  -0.027
  -0.021  -0.117   0.011     0.002  -0.038   0.007
  -0.220  -0.205  -0.010    -0.055  -0.060  -0.027
   0.016   0.036  -0.023    -0.025   0.024  -0.026
  -0.076   0.131  -0.121    -0.008   0.021  -0.010
   0.048  -0.101   0.237    -0.244  -0.225  -0.149
  -0.173   0.039  -0.144    -0.296   0.193  -0.269
   0.047   0.101   0.237    -0.243   0.224  -0.148

Mode 21
  -0.017  -0.013   0.007    -0.047  -0.040   0.028
   0.017  -0.013  -0.007     0.047  -0.040  -0.028
  -0.002   0.118   0.001    -0.130   0.213  -0.123
  -0.025  -0.004  -0.001    -0.044   0.029   0.046
   0.025   0.154   0.064    -0.236   0.230  -0.088
   0.020   0.004   0.081    -0.030  -0.012   0.000
  -0.117  -0.030  -0.572    -0.135   0.021  -0.128
  -0.020   0.004  -0.081     0.030  -0.012  -0.001
   0.117  -0.031   0.572     0.135   0.021   0.128
   0.026  -0.004   0.001     0.044   0.029  -0.046
  -0.025   0.154  -0.064     0.236   0.230   0.088
  -0.046  -0.090   0.069    -0.027  -0.194   0.322
   0.002   0.118  -0.001     0.129   0.213   0.123
   0.046  -0.090  -0.069     0.028  -0.194  -0.322

Mode 22
   0.004  -0.005   0.007     0.002   0.004  -0.009
  -0.004  -0.006  -0.007    -0.002   0.004   0.008
  -0.195  -0.120  -0.176     0.134   0.070   0.126
   0.033   0.031   0.044    -0.011  -0.009  -0.014
  -0.362  -0.201  -0.331     0.190   0.132   0.179
  -0.004  -0.007   0.015     0.014  -0.004   0.053
  -0.071   0.004  -0.125    -0.146  -0.011  -0.520
   0.004  -0.008  -0.015    -0.014  -0.004  -0.053
   0.070   0.003   0.125     0.149  -0.010   0.519
  -0.034   0.031  -0.045     0.010  -0.009   0.014
   0.367  -0.204   0.335    -0.193   0.128  -0.179
   0.146   0.103   0.145    -0.124  -0.081  -0.125
   0.197  -0.122   0.178    -0.135   0.067  -0.127
  -0.148   0.105  -0.146     0.123  -0.079   0.128

Mode 23
  -0.027  -0.018  -0.011     0.044   0.025  -0.036
  -0.027   0.018  -0.011     0.044  -0.025  -0.036
  -0.142  -0.150  -0.131    -0.134   0.220  -0.135
   0.043   0.039   0.047    -0.057   0.034   0.057
  -0.343  -0.221  -0.321    -0.241   0.225  -0.073
   0.006  -0.044  -0.003     0.027  -0.005  -0.026
   0.071  -0.071   0.010     0.210  -0.084  -0.008
   0.006   0.044  -0.003     0.027   0.005  -0.025
   0.072   0.071   0.012     0.208   0.084  -0.014
   0.042  -0.038   0.047    -0.057  -0.034   0.057
  -0.338   0.217  -0.316    -0.238  -0.227  -0.070
   0.153   0.180   0.044    -0.007  -0.145   0.270
  -0.140   0.148  -0.129    -0.132  -0.222  -0.133
   0.151  -0.178   0.042    -0.009   0.147   0.268

Mode 24
  -0.048  -0.036   0.031     0.022  -0.002  -0.009
   0.048  -0.036  -0.031     0.022   0.002  -0.009
  -0.084   0.276  -0.079     0.179   0.246   0.152
  -0.053   0.023   0.053    -0.042  -0.010  -0.008
  -0.174   0.286  -0.022     0.300   0.197   0.316
  -0.036  -0.014  -0.047    -0.005  -0.002  -0.009
   0.077  -0.041   0.137     0.049  -0.027  -0.009
   0.036  -0.014   0.047    -0.005   0.001  -0.009
  -0.077  -0.041  -0.137     0.048   0.027  -0.012
   0.053   0.023  -0.053    -0.042   0.010  -0.008
   0.174   0.287   0.022     0.300  -0.196   0.315
  -0.072  -0.206   0.225    -0.232  -0.208  -0.149
   0.083   0.276   0.079     0.178  -0.245   0.152
   0.072  -0.206  -0.225    -0.232   0.207  -0.149

Mode 25
  -0.047  -0.023   0.031    -0.026   0.002   0.019
  -0.047   0.023   0.031     0.026   0.002  -0.019
   0.109  -0.234   0.108     0.118   0.261   0.093
   0.072  -0.029  -0.061    -0.047  -0.003   0.006
   0.197  -0.254   0.023     0.208   0.175   0.252
  -0.036  -0.012   0.039    -0.012  -0.016  -0.044
  -0.217   0.061  -0.044     0.163  -0.051   0.298
  -0.036   0.012   0.039     0.012  -0.016   0.044
  -0.217  -0.061  -0.044    -0.163  -0.051  -0.298
   0.072   0.029  -0.061     0.047  -0.003  -0.006
   0.197   0.254   0.023    -0.210   0.175  -0.253
   0.044   0.159  -0.196    -0.191  -0.187  -0.097
   0.109   0.234   0.108    -0.119   0.262  -0.094
   0.045  -0.159  -0.196     0.192  -0.188   0.098

Mode 26
  -0.010  -0.024  -0.011    -0.006   0.012   0.023
   0.010  -0.024   0.011     0.006   0.012  -0.023
   0.014  -0.045   0.016    -0.088   0.131  -0.081
  -0.019   0.001  -0.018    -0.002   0.006   0.037
   0.023   0.002   0.019    -0.061  -0.056  -0.021
  -0.035   0.009   0.007     0.038  -0.007   0.001
  -0.589   0.284   0.139     0.524  -0.271  -0.236
   0.035   0.009  -0.007    -0.038  -0.007  -0.001
   0.589   0.284  -0.139    -0.524  -0.271   0.236
   0.019   0.001   0.018     0.002   0.006  -0.037
  -0.023   0.002  -0.019     0.062  -0.056   0.021
  -0.009  -0.066   0.089     0.065   0.072  -0.024
  -0.014  -0.045  -0.016     0.088   0.131   0.081
   0.009  -0.066  -0.089    -0.065   0.072   0.024

Mode 27
  -0.033   0.024   0.056     0.025  -0.016  -0.044
  -0.033  -0.024   0.056     0.025   0.016  -0.044
   0.086  -0.247   0.119    -0.166   0.319  -0.156
   0.033  -0.002  -0.043    -0.025  -0.012   0.050
  -0.183   0.493  -0.175     0.110  -0.453   0.115
   0.013   0.002  -0.012    -0.006   0.004   0.008
  -0.047   0.039   0.024     0.021  -0.010   0.005
   0.013  -0.002  -0.012    -0.006  -0.004   0.008
  -0.046  -0.039   0.024     0.021   0.010   0.005
   0.034   0.002  -0.044    -0.025   0.012   0.050
  -0.184  -0.497  -0.176     0.110   0.452   0.115
  -0.017  -0.013   0.027     0.100   0.111  -0.125
   0.087   0.249   0.120    -0.165  -0.319  -0.155
  -0.017   0.012   0.027     0.100  -0.111  -0.125

Mode 28
   0.036  -0.021  -0.057    -0.025   0.013   0.039
  -0.036  -0.021   0.058     0.025   0.013  -0.039
   0.096  -0.268   0.128    -0.154   0.306  -0.142
   0.044  -0.003  -0.049    -0.030  -0.012   0.046
  -0.168   0.476  -0.180     0.112  -0.426   0.122
  -0.002   0.008  -0.006    -0.010  -0.005   0.012
   0.035  -0.004  -0.005    -0.202   0.081  -0.008
   0.002   0.008   0.006     0.010  -0.005  -0.012
  -0.035  -0.005   0.005     0.202   0.081   0.008
  -0.044  -0.003   0.048     0.030  -0.012  -0.046
   0.166   0.472   0.178    -0.112  -0.427  -0.122
  -0.021  -0.011   0.022     0.088   0.096  -0.122
  -0.095  -0.266  -0.127     0.154   0.306   0.142
   0.021  -0.011  -0.022    -0.088   0.096   0.122

Mode 29
  -0.000   0.011   0.009     0.007  -0.030  -0.036
  -0.000  -0.011   0.009     0.007   0.030  -0.036
  -0.147   0.285  -0.071     0.156  -0.275   0.031
  -0.007  -0.045   0.028    -0.015   0.052  -0.008
  -0.070   0.126  -0.001     0.120  -0.312   0.059
   0.046  -0.041  -0.018    -0.024   0.008   0.016
  -0.363   0.168   0.101     0.216  -0.115  -0.060
   0.046   0.041  -0.018    -0.024  -0.008   0.016
  -0.363  -0.168   0.101     0.215   0.115  -0.061
  -0.007   0.045   0.028    -0.015  -0.052  -0.008
  -0.070  -0.126  -0.001     0.120   0.312   0.059
   0.115   0.178  -0.258    -0.121  -0.179   0.312
  -0.147  -0.285  -0.071     0.156   0.275   0.031
   0.115  -0.178  -0.258    -0.121   0.179   0.311

Mode 30
   0.008  -0.024  -0.027    -0.010   0.037   0.044
  -0.008  -0.024   0.027     0.010   0.037  -0.044
  -0.185   0.340  -0.067     0.160  -0.270   0.023
   0.022  -0.062   0.016    -0.033   0.057   0.001
  -0.070   0.173  -0.036     0.114  -0.320   0.079
   0.004   0.017  -0.007    -0.001  -0.024   0.012
  -0.087   0.066   0.012     0.051  -0.056  -0.026
  -0.004   0.017   0.007     0.002  -0.024  -0.012
   0.086   0.066  -0.012    -0.051  -0.056   0.026
  -0.022  -0.062  -0.016     0.033   0.057  -0.001
   0.070   0.173   0.036    -0.114  -0.321  -0.079
   0.157   0.243  -0.367    -0.134  -0.194   0.334
   0.185   0.340   0.067    -0.160  -0.270  -0.023
  -0.157   0.243   0.367     0.134  -0.194  -0.334

Mode 31
  -0.011   0.022   0.028     0.007  -0.025  -0.028
  -0.011  -0.022   0.028     0.007   0.025  -0.028
  -0.117   0.208  -0.026     0.053  -0.068  -0.009
   0.042  -0.045  -0.005    -0.046   0.025   0.022
  -0.014   0.097  -0.044    -0.001  -0.067   0.052
  -0.058   0.077   0.013     0.077  -0.089  -0.018
   0.342  -0.123  -0.091    -0.436   0.170   0.115
  -0.058  -0.077   0.013     0.077   0.089  -0.018
   0.342   0.123  -0.091    -0.436  -0.170   0.115
   0.042   0.045  -0.005    -0.046  -0.025   0.022
  -0.014  -0.097  -0.044    -0.001   0.067   0.052
   0.105   0.166  -0.269    -0.059  -0.074   0.130
  -0.117  -0.208  -0.026     0.053   0.068  -0.009
   0.105  -0.166  -0.269    -0.059   0.074   0.130

Mode 32
  -0.008  -0.087  -0.062     0.007   0.081   0.058
   0.008  -0.087   0.062    -0.007   0.081  -0.058
  -0.086   0.089   0.036     0.069  -0.061  -0.035
  -0.007   0.100  -0.063     0.004  -0.091   0.061
   0.090  -0.111  -0.023    -0.088   0.107   0.019
  -0.097  -0.001   0.030     0.116  -0.003  -0.034
   0.083  -0.105  -0.013    -0.092   0.112   0.012
   0.097  -0.001  -0.030    -0.116  -0.003   0.034
  -0.083  -0.105   0.013     0.092   0.112  -0.012
   0.006   0.099   0.062    -0.004  -0.091  -0.061
  -0.090  -0.111   0.023     0.087   0.107  -0.019
   0.075  -0.007  -0.097    -0.064   0.010   0.074
   0.086   0.089  -0.036    -0.069  -0.061   0.035
  -0.075  -0.007   0.096     0.064   0.010  -0.074

Mode 33
   0.012   0.101   0.071     0.011   0.100   0.070
   0.012  -0.101   0.071     0.011  -0.100   0.070
  -0.108   0.094   0.031    -0.091   0.076   0.035
  -0.027   0.125  -0.066    -0.029   0.128  -0.068
   0.073  -0.098  -0.027     0.082  -0.106  -0.016
   0.010  -0.027   0.003     0.012  -0.026   0.003
   0.006  -0.026  -0.009    -0.002  -0.021  -0.009
   0.010   0.027   0.003     0.012   0.026   0.003
   0.007   0.026  -0.009    -0.002   0.021  -0.009
  -0.027  -0.126  -0.066    -0.029  -0.128  -0.068
   0.073   0.098  -0.027     0.083   0.106  -0.016
   0.090  -0.010  -0.092     0.083  -0.017  -0.075
  -0.109  -0.094   0.031    -0.091  -0.076   0.035
   0.091   0.010  -0.092     0.083   0.017  -0.075

Mode 34
   0.008   0.051   0.035    -0.009  -0.061  -0.041
  -0.008   0.051  -0.035     0.009  -0.061   0.041
   0.059  -0.039  -0.009    -0.061   0.045   0.014
   0.038  -0.076   0.029    -0.038   0.088  -0.036
  -0.004   0.013   0.014     0.028  -0.040  -0.005
  -0.161   0.033   0.036     0.147  -0.033  -0.032
   0.025  -0.079  -0.028    -0.055   0.083   0.019
   0.161   0.033  -0.036    -0.147  -0.033   0.032
  -0.025  -0.080   0.028     0.055   0.083  -0.019
  -0.038  -0.076  -0.029     0.038   0.088   0.036
   0.004   0.013  -0.014    -0.028  -0.040   0.005
  -0.049   0.008   0.020     0.054  -0.013  -0.032
  -0.059  -0.039   0.009     0.060   0.045  -0.014
   0.049   0.008  -0.020    -0.054  -0.013   0.032

Mode 35
  -0.002  -0.003  -0.000     0.001   0.000  -0.001
  -0.002   0.003  -0.000     0.001  -0.000  -0.001
  -0.016  -0.002   0.021    -0.002   0.002   0.002
   0.018   0.003  -0.022    -0.018  -0.004   0.022
  -0.226  -0.034   0.259     0.226   0.032  -0.260
  -0.020  -0.043   0.006    -0.021  -0.044   0.006
   0.244   0.521  -0.080     0.244   0.524  -0.073
  -0.020   0.043   0.006    -0.021   0.044   0.006
   0.243  -0.519  -0.079     0.242  -0.521  -0.073
   0.018  -0.003  -0.021    -0.018   0.004   0.022
  -0.222   0.033   0.255     0.225  -0.032  -0.259
   0.048  -0.050  -0.013    -0.013   0.012   0.004
  -0.016   0.002   0.020    -0.002  -0.002   0.002
   0.047   0.049  -0.013    -0.013  -0.011   0.004

Mode 36
   0.005   0.012   0.005    -0.001  -0.000   0.001
  -0.005   0.013  -0.005     0.001  -0.000  -0.001
  -0.081  -0.012   0.100    -0.002   0.002   0.001
   0.033   0.005  -0.038    -0.020  -0.004   0.023
  -0.394  -0.057   0.449     0.233   0.033  -0.269
  -0.009  -0.015   0.003    -0.024  -0.043   0.007
   0.088   0.183  -0.027     0.243   0.511  -0.074
   0.009  -0.016  -0.003     0.024  -0.043  -0.007
  -0.093   0.194   0.029    -0.244   0.513   0.075
  -0.032   0.005   0.037     0.020  -0.004  -0.023
   0.388  -0.056  -0.443    -0.235   0.034   0.271
   0.145  -0.148  -0.039    -0.014   0.012   0.004
   0.079  -0.012  -0.099     0.002   0.002  -0.001
  -0.142  -0.146   0.038     0.014   0.012  -0.004

Mode 37
   0.005   0.018   0.009     0.001  -0.001  -0.002
   0.005  -0.017   0.009    -0.001  -0.001   0.002
   0.120   0.020  -0.150     0.003  -0.002  -0.000
  -0.027  -0.003   0.030     0.032   0.006  -0.038
   0.322   0.045  -0.365    -0.374  -0.058   0.434
  -0.011  -0.026   0.004    -0.015  -0.027   0.005
   0.137   0.300  -0.045     0.156   0.322  -0.046
  -0.011   0.025   0.004     0.015  -0.027  -0.005
   0.135  -0.296  -0.045    -0.154   0.319   0.045
  -0.028   0.003   0.031    -0.031   0.006   0.037
   0.329  -0.046  -0.373     0.368  -0.057  -0.427
  -0.180   0.184   0.048     0.007  -0.006  -0.004
   0.123  -0.020  -0.153    -0.003  -0.002   0.000
  -0.184  -0.188   0.049    -0.007  -0.006   0.004

Mode 38
   0.003   0.031   0.023    -0.001   0.001   0.002
  -0.003   0.031  -0.022    -0.001  -0.001   0.002
  -0.242  -0.043   0.302     0.003  -0.002  -0.001
  -0.003  -0.006   0.008     0.032   0.006  -0.038
   0.048   0.010  -0.057    -0.374  -0.058   0.434
   0.017   0.029  -0.005    -0.013  -0.027   0.004
  -0.163  -0.344   0.051     0.144   0.306  -0.045
  -0.017   0.029   0.005    -0.013   0.027   0.004
   0.163  -0.343  -0.051     0.147  -0.312  -0.046
   0.003  -0.006  -0.008     0.032  -0.006  -0.038
  -0.049   0.010   0.059    -0.379   0.058   0.440
   0.273  -0.278  -0.072     0.007  -0.006  -0.004
   0.243  -0.044  -0.304     0.003   0.002  -0.001
  -0.274  -0.279   0.072     0.007   0.006  -0.004

Mode 39
   0.002   0.034   0.026    -0.004  -0.049  -0.035
   0.002  -0.034   0.026    -0.002   0.021  -0.016
   0.270   0.050  -0.338    -0.169  -0.034   0.214
   0.016   0.008  -0.023    -0.000  -0.002   0.002
  -0.198  -0.030   0.225     0.002   0.000  -0.003
   0.003   0.009  -0.001    -0.000  -0.000   0.000
  -0.045  -0.104   0.016     0.001   0.003  -0.000
   0.003  -0.009  -0.001    -0.000   0.001   0.000
  -0.044   0.103   0.015     0.003  -0.008  -0.001
   0.016  -0.008  -0.023    -0.000   0.005   0.004
  -0.198   0.030   0.225     0.006  -0.000  -0.006
  -0.286   0.291   0.075     0.189  -0.196  -0.047
   0.269  -0.049  -0.336    -0.385   0.076   0.488
  -0.283  -0.288   0.074     0.430   0.447  -0.108

Mode 40
  -0.000   0.018   0.016     0.002   0.021   0.016
   0.000   0.018  -0.015    -0.004   0.049  -0.035
  -0.151  -0.028   0.189    -0.385  -0.077   0.488
  -0.017  -0.005   0.021    -0.000  -0.005   0.004
   0.198   0.027  -0.223     0.006   0.000  -0.006
  -0.022  -0.039   0.007    -0.000  -0.001   0.000
   0.214   0.459  -0.069     0.004   0.008  -0.001
   0.022  -0.039  -0.007     0.000  -0.000  -0.000
  -0.214   0.460   0.070    -0.002   0.004   0.001
   0.017  -0.005  -0.022     0.000  -0.002  -0.002
  -0.200   0.027   0.225    -0.003   0.000   0.003
   0.143  -0.146  -0.037     0.430  -0.446  -0.108
   0.152  -0.028  -0.190     0.169  -0.033  -0.214
  -0.143  -0.147   0.037    -0.189  -0.196   0.047

Mode 41
  -0.052  -0.023   0.039     0.021   0.010  -0.016
  -0.048   0.021   0.036     0.069  -0.031  -0.051
   0.281   0.061  -0.360    -0.390  -0.081   0.497
  -0.004  -0.000   0.004     0.000   0.000  -0.001
   0.037   0.005  -0.042    -0.012  -0.007   0.018
   0.000  -0.000   0.000     0.000   0.001  -0.001
  -0.000   0.000  -0.000    -0.004  -0.009   0.001
   0.000   0.000   0.000     0.000  -0.000  -0.000
   0.000  -0.001  -0.000    -0.001   0.003   0.000
  -0.004   0.000   0.004     0.000  -0.000  -0.000
   0.040  -0.006  -0.046    -0.004   0.002   0.005
   0.301  -0.315  -0.072    -0.431   0.451   0.106
   0.302  -0.065  -0.387    -0.120   0.025   0.153
   0.324   0.340  -0.078    -0.133  -0.139   0.032

Mode 42
  -0.048  -0.022   0.036    -0.069  -0.031   0.051
   0.052  -0.023  -0.039     0.021  -0.010  -0.016
  -0.302  -0.065   0.387    -0.120  -0.025   0.153
   0.004   0.000  -0.005     0.000   0.000  -0.000
  -0.041  -0.006   0.047    -0.004  -0.002   0.006
  -0.000   0.001  -0.000     0.000   0.000  -0.000
  -0.001  -0.004   0.001    -0.001  -0.003   0.000
   0.000   0.001   0.000    -0.001   0.001   0.001
   0.001  -0.004  -0.001     0.004  -0.009  -0.001
  -0.004   0.000   0.004    -0.000   0.000   0.001
   0.039  -0.006  -0.044     0.012  -0.007  -0.018
  -0.324   0.340   0.078    -0.133   0.139   0.032
   0.280  -0.061  -0.359     0.390  -0.081  -0.497
   0.302   0.317  -0.072     0.431   0.451  -0.106
