 mode  QM-Freq   MD-Freq     Diff.  %Error
   7     201.7     152.1      49.6   24.59
   8     309.3     367.3     -58.0  -18.74
   9     480.1     512.9     -32.8   -6.84
  10     529.3     538.7      -9.4   -1.77
  11     575.4     586.0     -10.5   -1.83
  12     685.4     710.9     -25.5   -3.72
  13     762.3     803.6     -41.3   -5.42
  14     792.1     806.8     -14.7   -1.86
  15     878.4     832.5      45.9    5.22
  16     956.1     916.8      39.3    4.11
  17     982.6     931.1      51.4    5.24
  18     992.0     946.7      45.3    4.57
  19    1009.6     989.4      20.3    2.01
  20    1019.4    1025.5      -6.0   -0.59
  21    1051.6    1068.9     -17.3   -1.65
  22    1088.9    1081.4       7.5    0.69
  23    1168.3    1153.5      14.7    1.26
  24    1188.4    1182.0       6.5    0.54
  25    1199.6    1243.7     -44.1   -3.68
  26    1273.4    1251.9      21.5    1.69
  27    1350.5    1362.9     -12.4   -0.92
  28    1379.3    1373.2       6.2    0.45
  29    1410.9    1378.8      32.1    2.28
  30    1443.1    1430.3      12.7    0.88
  31    1449.2    1439.5       9.7    0.67
  32    1465.2    1442.6      22.5    1.54
  33    1701.7    1729.4     -27.7   -1.63
  34    1752.2    1741.7      10.5    0.60
  35    3008.0    3060.7     -52.8   -1.75
  36    3016.0    3062.0     -46.0   -1.53
  37    3104.9    3075.3      29.5    0.95
  38    3105.0    3078.8      26.2    0.84
  39    3187.6    3181.0       6.6    0.21
  40    3192.8    3181.3      11.5    0.36
  41    3209.9    3203.7       6.2    0.19
  42    3220.5    3205.4      15.1    0.47


         QM vectors              MD Vectors
==================================================
Mode 7
  -0.019   0.009   0.033     0.019  -0.003  -0.036
   0.030   0.041  -0.102    -0.032  -0.037   0.104
   0.030  -0.041   0.102    -0.031   0.037  -0.104
  -0.019  -0.009  -0.033     0.019   0.003   0.036
  -0.044  -0.020  -0.121     0.052   0.014   0.127
  -0.019  -0.010  -0.068     0.020   0.006   0.063
  -0.030  -0.030  -0.182     0.031   0.027   0.171
  -0.019   0.011   0.068     0.020  -0.006  -0.063
  -0.029   0.031   0.182     0.030  -0.027  -0.171
  -0.043   0.020   0.121     0.052  -0.015  -0.127
  -0.048   0.003  -0.311     0.052  -0.001   0.321
   0.216   0.217  -0.129    -0.232  -0.198   0.132
  -0.048  -0.002   0.311     0.052   0.001  -0.321
   0.214  -0.220   0.129    -0.231   0.200  -0.132

Mode 8
  -0.001  -0.000   0.118    -0.001   0.001  -0.121
   0.037   0.009  -0.030    -0.046  -0.018   0.026
  -0.037   0.009  -0.030     0.046  -0.019   0.026
   0.001  -0.000   0.119     0.001   0.001  -0.122
   0.032   0.023   0.307    -0.027  -0.014  -0.250
  -0.015  -0.017  -0.086     0.020   0.023   0.091
  -0.027   0.008  -0.082     0.026  -0.004   0.049
   0.015  -0.017  -0.086    -0.020   0.024   0.091
   0.027   0.007  -0.083    -0.026  -0.004   0.049
  -0.032   0.023   0.307     0.027  -0.015  -0.250
  -0.043   0.004  -0.200     0.030  -0.003   0.203
   0.236   0.056  -0.056    -0.241  -0.051   0.054
   0.043   0.003  -0.200    -0.030  -0.003   0.203
  -0.235   0.058  -0.056     0.241  -0.054   0.054

Mode 9
  -0.055   0.027   0.033     0.063  -0.031  -0.040
  -0.080  -0.079  -0.043     0.077   0.088   0.035
   0.079  -0.080  -0.043    -0.076   0.089   0.035
   0.055   0.026   0.033    -0.064  -0.030  -0.040
  -0.020   0.048   0.213    -0.025  -0.049  -0.190
   0.066   0.062  -0.023    -0.075  -0.067   0.030
   0.101   0.035   0.092    -0.107  -0.045  -0.076
  -0.065   0.063  -0.024     0.074  -0.068   0.031
  -0.100   0.036   0.090     0.107  -0.046  -0.076
   0.020   0.048   0.213     0.025  -0.049  -0.190
  -0.052   0.002   0.118     0.057   0.048  -0.062
  -0.188  -0.201  -0.025     0.116   0.161   0.027
   0.052   0.002   0.119    -0.057   0.049  -0.062
   0.187  -0.203  -0.025    -0.115   0.162   0.028

Mode 10
   0.023  -0.003  -0.100    -0.007  -0.140   0.026
  -0.009  -0.011  -0.006     0.079  -0.026   0.020
  -0.009   0.011   0.006     0.079   0.025  -0.020
   0.024   0.003   0.100    -0.006   0.140  -0.026
   0.011  -0.008   0.004     0.040   0.152   0.059
  -0.002  -0.017  -0.112    -0.085   0.020   0.032
  -0.027  -0.057  -0.356    -0.048  -0.021   0.116
  -0.003   0.017   0.112    -0.085  -0.019  -0.032
  -0.027   0.057   0.356    -0.047   0.022  -0.116
   0.011   0.008  -0.003     0.038  -0.152  -0.059
   0.087  -0.034   0.161     0.019   0.028  -0.032
  -0.218  -0.047   0.025     0.134  -0.032   0.012
   0.088   0.033  -0.160     0.019  -0.028   0.032
  -0.217   0.048  -0.025     0.135   0.031  -0.012

Mode 11
  -0.001  -0.145  -0.002    -0.022   0.046   0.099
   0.082  -0.025   0.015    -0.017   0.020   0.010
   0.082   0.024  -0.015    -0.018  -0.020  -0.010
   0.000   0.145   0.002    -0.022  -0.046  -0.099
   0.032   0.154   0.083    -0.025  -0.034   0.007
  -0.089   0.013  -0.012     0.032   0.017   0.115
  -0.025  -0.096   0.022     0.039   0.073   0.302
  -0.090  -0.012   0.012     0.032  -0.018  -0.115
  -0.024   0.097  -0.022     0.038  -0.074  -0.302
   0.031  -0.154  -0.082    -0.025   0.034  -0.007
   0.010   0.086   0.014    -0.090   0.010  -0.153
   0.078  -0.034   0.015     0.165   0.074  -0.018
   0.009  -0.086  -0.014    -0.090  -0.010   0.153
   0.079   0.033  -0.015     0.164  -0.076   0.018

Mode 12
   0.037  -0.006  -0.048     0.033   0.012  -0.018
   0.019   0.037  -0.009     0.010   0.032  -0.039
  -0.019   0.038  -0.009    -0.009   0.032  -0.039
  -0.037  -0.006  -0.048    -0.033   0.012  -0.018
   0.093   0.044   0.381     0.066   0.056   0.343
  -0.050  -0.042  -0.022    -0.062  -0.046  -0.017
  -0.029   0.063   0.380    -0.046   0.031   0.286
   0.050  -0.042  -0.022     0.062  -0.047  -0.017
   0.030   0.063   0.380     0.047   0.030   0.287
  -0.093   0.045   0.380    -0.066   0.057   0.343
   0.118   0.009   0.153     0.120   0.079   0.251
  -0.177   0.008   0.021    -0.242  -0.136   0.002
  -0.117   0.010   0.153    -0.119   0.080   0.251
   0.177   0.006   0.021     0.240  -0.139   0.002

Mode 13
  -0.017  -0.039  -0.063    -0.001   0.041   0.086
  -0.009  -0.027   0.066    -0.010   0.003  -0.067
   0.008  -0.027   0.066     0.010   0.003  -0.067
   0.016  -0.040  -0.063     0.002   0.041   0.085
  -0.052  -0.015   0.131    -0.028   0.000  -0.262
   0.065   0.045  -0.014    -0.040  -0.025   0.018
   0.103   0.051   0.204    -0.081  -0.071  -0.311
  -0.065   0.046  -0.014     0.040  -0.025   0.021
  -0.102   0.052   0.204     0.082  -0.072  -0.318
   0.052  -0.015   0.131     0.032  -0.001  -0.277
  -0.101  -0.114  -0.238     0.059   0.075   0.173
   0.164   0.325   0.036    -0.154  -0.229  -0.042
   0.099  -0.115  -0.238    -0.060   0.077   0.175
  -0.161   0.326   0.037     0.155  -0.231  -0.043

Mode 14
   0.007  -0.043  -0.025    -0.008  -0.016  -0.029
  -0.000  -0.007  -0.027     0.021   0.007  -0.018
  -0.000   0.007   0.027     0.021  -0.007   0.016
   0.007   0.043   0.025    -0.008   0.018   0.031
  -0.061  -0.020  -0.510    -0.128  -0.044  -0.488
   0.006   0.031   0.101     0.003   0.026   0.107
  -0.024  -0.021  -0.215    -0.046  -0.010  -0.245
   0.006  -0.031  -0.101     0.004  -0.027  -0.106
  -0.023   0.021   0.215    -0.044   0.008   0.235
  -0.061   0.020   0.511    -0.127   0.045   0.479
   0.027  -0.000   0.038     0.057   0.026   0.081
  -0.093   0.002  -0.011    -0.084  -0.020  -0.003
   0.027   0.000  -0.037     0.055  -0.024  -0.076
  -0.092  -0.001   0.011    -0.079   0.014   0.002

Mode 15
  -0.052   0.074  -0.013    -0.052   0.064   0.001
   0.111   0.083   0.027     0.105   0.091   0.017
   0.110  -0.085  -0.027     0.104  -0.092  -0.017
  -0.053  -0.073   0.013    -0.053  -0.063  -0.001
  -0.177  -0.082  -0.018    -0.184  -0.054   0.095
  -0.045  -0.011   0.019    -0.040  -0.006  -0.013
  -0.077   0.029  -0.012    -0.056   0.049   0.067
  -0.045   0.012  -0.019    -0.039   0.006   0.013
  -0.077  -0.029   0.013    -0.057  -0.049  -0.067
  -0.176   0.084   0.018    -0.184   0.056  -0.095
   0.142   0.162   0.181     0.135   0.191   0.212
  -0.036   0.018   0.048    -0.042   0.048   0.036
   0.140  -0.164  -0.182     0.133  -0.192  -0.212
  -0.037  -0.017  -0.048    -0.043  -0.048  -0.036

Mode 16
  -0.051   0.095  -0.021     0.009  -0.115   0.025
   0.090  -0.038   0.025     0.062   0.057  -0.025
  -0.090  -0.036   0.025    -0.061   0.058  -0.025
   0.052   0.094  -0.021    -0.010  -0.114   0.025
   0.168   0.099  -0.023    -0.114  -0.125  -0.012
   0.030  -0.024  -0.009     0.087   0.054  -0.011
   0.121  -0.173   0.040     0.077   0.079  -0.019
  -0.031  -0.022  -0.009    -0.086   0.055  -0.011
  -0.123  -0.167   0.039    -0.077   0.080  -0.019
  -0.162   0.101  -0.022     0.112  -0.126  -0.012
   0.220  -0.246   0.020     0.097   0.154   0.164
   0.099  -0.104   0.022    -0.080  -0.079  -0.000
  -0.223  -0.242   0.020    -0.096   0.155   0.164
  -0.100  -0.102   0.023     0.079  -0.080  -0.001

Mode 17
  -0.031  -0.050   0.006    -0.042   0.064  -0.021
  -0.012   0.039   0.019     0.118  -0.017   0.018
  -0.014  -0.040  -0.018    -0.118  -0.015   0.018
  -0.030   0.051  -0.007     0.042   0.063  -0.021
  -0.265   0.070   0.088     0.169   0.064  -0.026
   0.074   0.122  -0.035     0.047  -0.012  -0.004
   0.007   0.258  -0.063     0.135  -0.178  -0.003
   0.072  -0.123   0.035    -0.048  -0.011  -0.004
   0.003  -0.261   0.062    -0.137  -0.176  -0.004
  -0.269  -0.065  -0.088    -0.168   0.066  -0.026
  -0.058   0.103   0.012     0.262  -0.189   0.096
  -0.022   0.054   0.020     0.080  -0.125   0.022
  -0.063  -0.106  -0.011    -0.263  -0.186   0.096
  -0.023  -0.056  -0.020    -0.080  -0.124   0.022

Mode 18
  -0.008  -0.050   0.055     0.017   0.065  -0.001
   0.054   0.032  -0.002     0.027  -0.034  -0.016
  -0.053   0.032  -0.002     0.027   0.034   0.016
   0.008  -0.050   0.056     0.016  -0.065   0.001
  -0.044  -0.096  -0.332     0.229  -0.074  -0.038
   0.046   0.020  -0.064    -0.075  -0.118   0.045
   0.084   0.102   0.369    -0.008  -0.266   0.017
  -0.046   0.021  -0.063    -0.074   0.119  -0.045
  -0.082   0.102   0.362    -0.004   0.267  -0.017
   0.041  -0.096  -0.328     0.231   0.072   0.038
   0.058   0.089   0.081     0.085  -0.107   0.003
   0.014  -0.123   0.005     0.060  -0.080  -0.020
  -0.057   0.088   0.080     0.087   0.107  -0.003
  -0.017  -0.123   0.005     0.061   0.080   0.020

Mode 19
   0.012  -0.019  -0.031    -0.000  -0.017   0.064
  -0.004   0.017  -0.033     0.000  -0.014  -0.138
  -0.002  -0.018   0.033     0.000   0.014   0.138
   0.012   0.020   0.031    -0.000   0.017  -0.063
  -0.047  -0.020  -0.312     0.036   0.030   0.031
  -0.004  -0.007  -0.078     0.008   0.014  -0.001
   0.075   0.053   0.503     0.024   0.043   0.157
  -0.002   0.006   0.079     0.007  -0.014   0.001
   0.076  -0.055  -0.505     0.023  -0.043  -0.157
  -0.047   0.022   0.314     0.036  -0.030  -0.031
   0.033   0.034   0.065     0.152  -0.018   0.166
  -0.129   0.034  -0.014    -0.303  -0.179  -0.094
   0.035  -0.036  -0.067     0.152   0.017  -0.166
  -0.130  -0.030   0.014    -0.301   0.182   0.095

Mode 20
  -0.004   0.082   0.023     0.045  -0.052   0.013
  -0.083  -0.042   0.013    -0.041   0.094   0.005
   0.082  -0.043   0.012    -0.042  -0.094  -0.005
   0.005   0.082   0.023     0.045   0.052  -0.013
  -0.014   0.052  -0.223     0.188   0.041  -0.118
  -0.084  -0.046  -0.029    -0.003  -0.039  -0.003
  -0.056   0.015   0.281     0.099  -0.192   0.108
   0.084  -0.047  -0.030    -0.003   0.039   0.003
   0.055   0.014   0.286     0.101   0.191  -0.108
   0.015   0.052  -0.226     0.187  -0.042   0.118
  -0.136  -0.066  -0.123    -0.104   0.238   0.056
   0.060   0.079  -0.009    -0.193   0.275   0.027
   0.134  -0.067  -0.122    -0.107  -0.237  -0.057
  -0.057   0.080  -0.009    -0.195  -0.273  -0.027

Mode 21
  -0.004  -0.014   0.085    -0.004  -0.003   0.054
   0.006   0.005  -0.123    -0.008   0.021  -0.007
   0.006  -0.005   0.123    -0.008  -0.021   0.007
  -0.004   0.014  -0.084    -0.004   0.003  -0.053
   0.031   0.048   0.177     0.102   0.053   0.361
   0.008   0.010   0.021     0.012   0.012   0.063
   0.034  -0.045  -0.006    -0.038  -0.089  -0.476
   0.008  -0.010  -0.021     0.012  -0.012  -0.064
   0.035   0.045   0.007    -0.037   0.092   0.486
   0.031  -0.048  -0.178     0.103  -0.055  -0.370
   0.156   0.009   0.196    -0.035   0.105   0.045
  -0.333  -0.062  -0.070    -0.030  -0.012  -0.002
   0.157  -0.011  -0.197    -0.036  -0.104  -0.044
  -0.333   0.064   0.070    -0.030   0.011   0.002

Mode 22
   0.033  -0.029   0.011    -0.014   0.014   0.041
  -0.044   0.094   0.030    -0.000  -0.002   0.011
  -0.045  -0.093  -0.030     0.000  -0.001   0.011
   0.033   0.029  -0.011     0.014   0.014   0.042
   0.113   0.033   0.018    -0.062  -0.041  -0.421
   0.017  -0.035   0.011    -0.009  -0.015  -0.061
   0.121  -0.249  -0.043     0.039   0.092   0.482
   0.018   0.034  -0.011     0.009  -0.015  -0.060
   0.124   0.248   0.043    -0.037   0.091   0.472
   0.113  -0.034  -0.019     0.060  -0.040  -0.414
  -0.195   0.337   0.041    -0.010   0.021   0.023
  -0.117   0.232   0.039     0.043  -0.049   0.008
  -0.198  -0.335  -0.040     0.011   0.023   0.024
  -0.118  -0.230  -0.040    -0.043  -0.049   0.008

Mode 23
  -0.002   0.012  -0.002    -0.034  -0.033  -0.003
   0.013  -0.017  -0.017     0.012  -0.008   0.006
   0.013   0.016   0.017    -0.012  -0.008   0.006
  -0.001  -0.012   0.002     0.034  -0.034  -0.003
   0.426  -0.021  -0.044     0.505  -0.043  -0.066
  -0.013   0.005  -0.003    -0.020   0.020   0.006
  -0.229   0.404  -0.030    -0.212   0.376  -0.048
  -0.013  -0.004   0.003     0.020   0.019   0.006
  -0.231  -0.397   0.029     0.216   0.374  -0.048
   0.420   0.016   0.043    -0.506  -0.038  -0.066
  -0.135   0.257   0.036     0.004  -0.005  -0.001
  -0.042   0.009  -0.008     0.027  -0.071   0.004
  -0.138  -0.258  -0.037    -0.004  -0.004  -0.001
  -0.041  -0.008   0.009    -0.027  -0.070   0.004

Mode 24
   0.005   0.003   0.055    -0.012  -0.021   0.000
   0.012  -0.007  -0.045    -0.003  -0.009  -0.004
  -0.011  -0.006  -0.045    -0.003   0.009   0.004
  -0.005   0.003   0.055    -0.012   0.021  -0.000
  -0.163  -0.011  -0.075    -0.432   0.030   0.073
   0.011  -0.008  -0.005     0.030  -0.015   0.001
   0.052  -0.095  -0.033     0.261  -0.446   0.037
  -0.011  -0.008  -0.005     0.030   0.015  -0.001
  -0.053  -0.096  -0.033     0.266   0.443  -0.037
   0.163  -0.012  -0.075    -0.432  -0.026  -0.073
   0.180  -0.201   0.048    -0.027   0.007  -0.027
  -0.342   0.440  -0.001     0.017  -0.108  -0.008
  -0.182  -0.198   0.048    -0.027  -0.007   0.027
   0.347   0.437  -0.001     0.018   0.108   0.008

Mode 25
   0.035   0.027  -0.014     0.001  -0.009   0.030
   0.003   0.020   0.006    -0.000  -0.002   0.023
  -0.002   0.020   0.006    -0.000   0.002  -0.023
  -0.035   0.027  -0.013     0.001   0.009  -0.030
  -0.490   0.043   0.080    -0.088   0.021   0.055
   0.009  -0.024  -0.005    -0.006   0.008   0.006
   0.195  -0.351   0.058     0.010  -0.039  -0.036
  -0.010  -0.024  -0.005    -0.006  -0.008  -0.006
  -0.202  -0.354   0.058     0.011   0.040   0.036
   0.496   0.038   0.081    -0.088  -0.021  -0.055
  -0.062   0.133   0.016     0.278  -0.441   0.033
   0.079  -0.105  -0.001    -0.144   0.414   0.047
   0.061   0.128   0.015     0.280   0.434  -0.033
  -0.081  -0.104  -0.001    -0.145  -0.408  -0.047

Mode 26
   0.019  -0.023   0.024     0.007   0.009  -0.040
  -0.009   0.049   0.047    -0.002  -0.000   0.030
  -0.010  -0.049  -0.047     0.002  -0.000   0.030
   0.019   0.023  -0.024    -0.007   0.009  -0.041
   0.158   0.024   0.001    -0.009   0.022   0.048
  -0.026   0.010   0.004    -0.006   0.003   0.004
  -0.091   0.129  -0.001     0.024  -0.062  -0.007
  -0.026  -0.010  -0.004     0.006   0.003   0.004
  -0.092  -0.129   0.002    -0.025  -0.061  -0.006
   0.158  -0.026  -0.001     0.009   0.022   0.047
   0.236  -0.363   0.006    -0.194   0.320   0.045
  -0.109   0.399   0.060     0.352  -0.430  -0.012
   0.241   0.363  -0.005     0.201   0.323   0.045
  -0.113  -0.397  -0.060    -0.358  -0.432  -0.013

Mode 27
   0.046   0.003   0.006     0.041  -0.013   0.011
   0.042  -0.060  -0.002     0.026   0.017   0.022
  -0.043  -0.060  -0.002    -0.025   0.017   0.022
  -0.047   0.004   0.006    -0.041  -0.013   0.011
   0.311  -0.001  -0.041     0.190  -0.020  -0.041
  -0.021   0.040  -0.006    -0.012   0.034  -0.008
   0.154  -0.282   0.030     0.123  -0.210   0.041
   0.021   0.039  -0.006     0.013   0.034  -0.008
  -0.156  -0.280   0.030    -0.125  -0.209   0.041
  -0.309   0.002  -0.041    -0.191  -0.018  -0.041
  -0.191   0.330   0.027    -0.167  -0.003  -0.373
  -0.096   0.152   0.014    -0.350  -0.212   0.070
   0.194   0.328   0.027     0.166  -0.005  -0.374
   0.098   0.154   0.014     0.347  -0.216   0.069

Mode 28
  -0.017   0.024   0.006    -0.056   0.016  -0.017
   0.043  -0.129   0.011     0.012   0.044   0.022
   0.044   0.128  -0.011    -0.013   0.044   0.023
  -0.018  -0.024  -0.006     0.056   0.015  -0.017
  -0.159  -0.022   0.025    -0.310   0.026   0.061
   0.012  -0.012   0.002     0.023  -0.046   0.009
   0.022  -0.030   0.014    -0.157   0.288  -0.035
   0.012   0.013  -0.002    -0.023  -0.047   0.009
   0.021   0.027  -0.013     0.162   0.287  -0.036
  -0.161   0.024  -0.026     0.311   0.023   0.062
  -0.120   0.106  -0.013     0.028  -0.190  -0.227
  -0.196   0.409   0.031    -0.100  -0.275   0.035
  -0.121  -0.105   0.013    -0.027  -0.191  -0.235
  -0.200  -0.408  -0.031     0.106  -0.279   0.036

Mode 29
   0.062  -0.041   0.017     0.013   0.009   0.010
  -0.081   0.056  -0.004     0.056  -0.002   0.029
   0.081   0.055  -0.004     0.055   0.002  -0.028
  -0.063  -0.040   0.017     0.014  -0.009  -0.010
   0.213  -0.053  -0.024    -0.081  -0.006   0.025
  -0.013   0.049  -0.008    -0.006  -0.028   0.006
   0.162  -0.279   0.026    -0.064   0.070  -0.018
   0.014   0.047  -0.008    -0.007   0.027  -0.006
  -0.163  -0.275   0.026    -0.061  -0.064   0.017
  -0.209  -0.051  -0.023    -0.074   0.007  -0.024
   0.125  -0.304  -0.043    -0.160  -0.029  -0.423
   0.078  -0.116  -0.023    -0.449  -0.091   0.090
  -0.126  -0.301  -0.045    -0.159   0.028   0.419
  -0.077  -0.114  -0.023    -0.446   0.090  -0.089

Mode 30
  -0.078   0.030  -0.018    -0.022  -0.007  -0.011
   0.003  -0.023  -0.004    -0.012   0.120   0.021
   0.003   0.023   0.005    -0.013  -0.119  -0.021
  -0.078  -0.028   0.018    -0.022   0.007   0.011
   0.317  -0.036  -0.045     0.198   0.002  -0.041
   0.010   0.098  -0.015    -0.004   0.055  -0.009
   0.202  -0.239   0.018     0.088  -0.115   0.003
   0.009  -0.098   0.015    -0.005  -0.055   0.009
   0.207   0.240  -0.018     0.089   0.114  -0.003
   0.320   0.034   0.045     0.197  -0.004   0.041
   0.085   0.007   0.179     0.142  -0.257  -0.142
   0.173   0.100  -0.021     0.037  -0.325   0.013
   0.087  -0.006  -0.180     0.145   0.254   0.141
   0.175  -0.102   0.022     0.041   0.323  -0.012

Mode 31
  -0.003  -0.000   0.004     0.085  -0.035   0.013
   0.038   0.024   0.028    -0.050   0.067  -0.004
  -0.039   0.025   0.029    -0.048  -0.065   0.004
   0.004   0.000   0.003     0.085   0.033  -0.013
  -0.013   0.001   0.004    -0.283   0.043   0.044
  -0.008   0.002  -0.001    -0.012  -0.090   0.014
   0.001  -0.015   0.000    -0.183   0.215  -0.026
   0.008   0.003  -0.001    -0.011   0.090  -0.014
  -0.003  -0.018   0.000    -0.187  -0.216   0.027
   0.009   0.001   0.003    -0.286  -0.041  -0.044
  -0.152  -0.082  -0.451     0.068  -0.093   0.024
  -0.407  -0.224   0.076     0.111  -0.149  -0.023
   0.152  -0.084  -0.456     0.064   0.084  -0.024
   0.409  -0.230   0.077     0.109   0.144   0.022

Mode 32
   0.035  -0.014   0.002    -0.038   0.036  -0.007
  -0.053  -0.020  -0.031     0.094  -0.073   0.003
  -0.052   0.021   0.030    -0.096  -0.074   0.003
   0.035   0.014  -0.002     0.040   0.037  -0.007
  -0.151   0.020   0.020    -0.098   0.044   0.012
  -0.004  -0.039   0.006     0.009  -0.023   0.004
  -0.081   0.094  -0.012    -0.067   0.113  -0.022
  -0.004   0.039  -0.006    -0.009  -0.022   0.004
  -0.082  -0.094   0.013     0.064   0.109  -0.021
  -0.152  -0.018  -0.021     0.094   0.042   0.011
   0.110   0.092   0.420    -0.197   0.369  -0.025
   0.379   0.175  -0.078    -0.198   0.188   0.038
   0.107  -0.091  -0.414     0.203   0.370  -0.026
   0.372  -0.175   0.077     0.204   0.190   0.039

Mode 33
   0.123   0.059   0.010    -0.123  -0.056  -0.009
  -0.013  -0.006  -0.006     0.014   0.007   0.005
  -0.013   0.006   0.006     0.014  -0.007  -0.005
   0.123  -0.061  -0.010    -0.123   0.057   0.009
  -0.071  -0.071   0.025     0.095   0.068  -0.021
  -0.096   0.107  -0.003     0.097  -0.107   0.002
  -0.019  -0.063   0.015     0.001   0.095  -0.015
  -0.096  -0.106   0.003     0.097   0.106  -0.002
  -0.018   0.062  -0.015     0.000  -0.094   0.015
  -0.069   0.071  -0.025     0.094  -0.069   0.021
  -0.062   0.060  -0.016     0.042  -0.043   0.005
  -0.018   0.006   0.000     0.007  -0.008   0.005
  -0.063  -0.059   0.016     0.042   0.042  -0.005
  -0.018  -0.006  -0.000     0.007   0.008  -0.005

Mode 34
  -0.128  -0.051  -0.010    -0.127  -0.050  -0.010
   0.021   0.001   0.000     0.019   0.001   0.002
  -0.021   0.001   0.000    -0.019   0.001   0.002
   0.126  -0.052  -0.010     0.127  -0.051  -0.010
  -0.097  -0.066   0.030    -0.112  -0.061   0.030
  -0.116   0.070   0.001    -0.115   0.071   0.002
  -0.012  -0.159   0.028    -0.005  -0.168   0.027
   0.118   0.070   0.001     0.116   0.070   0.002
   0.010  -0.159   0.028     0.003  -0.168   0.027
   0.097  -0.068   0.030     0.112  -0.062   0.030
   0.046  -0.009   0.035     0.036  -0.022   0.010
   0.019   0.004  -0.002     0.003  -0.002   0.002
  -0.045  -0.009   0.035    -0.036  -0.022   0.010
  -0.019   0.004  -0.002    -0.003  -0.002   0.002

Mode 35
  -0.001   0.001  -0.000     0.000   0.000   0.000
  -0.011  -0.005  -0.051    -0.022  -0.017   0.057
  -0.012   0.005   0.052    -0.021   0.017  -0.057
  -0.001  -0.001   0.000     0.000  -0.000  -0.000
  -0.003   0.010   0.001    -0.002   0.007  -0.000
   0.001  -0.002   0.000    -0.000  -0.000  -0.000
   0.002   0.002   0.000     0.001   0.001  -0.003
   0.001   0.002  -0.000    -0.000   0.000   0.000
   0.002  -0.002  -0.000     0.001  -0.001   0.003
  -0.003  -0.010  -0.001    -0.002  -0.007   0.000
   0.060   0.041  -0.045     0.333   0.206  -0.160
   0.084   0.005   0.665    -0.073   0.002  -0.518
   0.061  -0.043   0.046     0.327  -0.207   0.158
   0.085  -0.005  -0.673    -0.073  -0.002   0.514

Mode 36
  -0.001   0.001  -0.000    -0.000  -0.000  -0.000
  -0.019  -0.008  -0.047     0.024   0.018  -0.055
   0.019  -0.008  -0.046    -0.024   0.018  -0.056
   0.001   0.001  -0.000     0.000  -0.000  -0.000
   0.002  -0.010  -0.001    -0.002   0.000   0.000
  -0.000   0.000   0.000    -0.000   0.000   0.000
  -0.002  -0.002  -0.000     0.001   0.000  -0.003
   0.000   0.000   0.000     0.000   0.000   0.000
   0.002  -0.002  -0.000    -0.001   0.000  -0.003
  -0.002  -0.010  -0.001     0.002   0.000   0.000
   0.146   0.092  -0.087    -0.346  -0.216   0.167
   0.079   0.002   0.653     0.070   0.009   0.496
  -0.145   0.093  -0.087     0.347  -0.222   0.168
  -0.077   0.002   0.645    -0.070   0.009   0.501

Mode 37
   0.000   0.002   0.000    -0.001  -0.000  -0.000
  -0.019  -0.013   0.022    -0.038  -0.022  -0.018
   0.054  -0.036   0.044    -0.038   0.022   0.018
  -0.001   0.005  -0.000    -0.001   0.000   0.000
   0.002  -0.057   0.006    -0.001  -0.006   0.001
  -0.000  -0.000   0.000     0.000  -0.000   0.000
   0.005   0.002  -0.000     0.004   0.002  -0.000
   0.000  -0.000   0.000     0.000   0.000  -0.000
  -0.004   0.002  -0.000     0.004  -0.002   0.000
  -0.000  -0.018   0.002    -0.001   0.006  -0.001
   0.250   0.157  -0.127     0.411   0.260  -0.210
  -0.022  -0.004  -0.132     0.052  -0.003   0.428
  -0.665   0.433  -0.340     0.411  -0.265   0.211
   0.036  -0.008  -0.190     0.052   0.002  -0.430

Mode 38
  -0.001  -0.005   0.000    -0.001  -0.000  -0.000
   0.056   0.036  -0.039    -0.038  -0.021  -0.020
   0.023  -0.015   0.010     0.038  -0.022  -0.020
  -0.001   0.002  -0.000     0.001  -0.000  -0.000
   0.001  -0.027   0.002     0.001   0.014  -0.002
   0.000   0.000   0.000    -0.000   0.000   0.000
  -0.001  -0.001   0.000    -0.004  -0.002   0.000
  -0.000   0.000  -0.000     0.000   0.000   0.000
   0.003  -0.001   0.000     0.004  -0.002   0.000
   0.002   0.061  -0.006    -0.001   0.014  -0.002
  -0.677  -0.433   0.344     0.400   0.247  -0.206
   0.029   0.007   0.136     0.055  -0.000   0.452
  -0.268   0.177  -0.137    -0.395   0.250  -0.205
   0.003  -0.002   0.007    -0.055  -0.000   0.449

Mode 39
  -0.000  -0.041   0.005    -0.002  -0.059   0.007
  -0.003  -0.001   0.001    -0.000   0.001   0.001
   0.003  -0.001   0.001    -0.000  -0.001  -0.001
  -0.000  -0.041   0.005    -0.002   0.058  -0.007
   0.002   0.480  -0.058     0.000  -0.658   0.079
   0.034   0.018  -0.006    -0.004  -0.004   0.001
  -0.413  -0.217   0.078     0.068   0.039  -0.014
  -0.033   0.018  -0.006    -0.004   0.005  -0.001
   0.404  -0.217   0.076     0.068  -0.039   0.014
   0.003   0.487  -0.059     0.007   0.671  -0.081
   0.028   0.015  -0.013     0.001  -0.003   0.002
   0.000  -0.001  -0.004    -0.002   0.000  -0.009
  -0.027   0.015  -0.013     0.001   0.003  -0.001
  -0.000  -0.001  -0.004    -0.002  -0.000   0.009

Mode 40
   0.001   0.050  -0.006     0.003   0.058  -0.007
   0.004   0.002  -0.001    -0.001  -0.001  -0.000
   0.004  -0.002   0.001     0.001  -0.001  -0.000
   0.000  -0.050   0.006    -0.002   0.059  -0.007
   0.003   0.578  -0.070     0.001  -0.675   0.081
   0.024   0.014  -0.005     0.001  -0.003   0.000
  -0.295  -0.157   0.056     0.008   0.007  -0.002
   0.022  -0.014   0.004    -0.001  -0.002   0.000
  -0.281   0.154  -0.053    -0.006   0.007  -0.002
  -0.003  -0.588   0.071    -0.007  -0.662   0.079
  -0.034  -0.020   0.016     0.006   0.007  -0.005
  -0.001   0.001  -0.002     0.002  -0.000   0.009
  -0.033   0.021  -0.015    -0.006   0.007  -0.005
  -0.001  -0.001   0.002    -0.002  -0.000   0.010

Mode 41
   0.004   0.041  -0.005    -0.003  -0.008   0.001
   0.003   0.000  -0.000    -0.001  -0.000   0.000
  -0.003   0.000  -0.000    -0.001   0.000  -0.000
  -0.004   0.043  -0.005    -0.002   0.008  -0.001
  -0.001  -0.472   0.056     0.003  -0.076   0.009
   0.041   0.016  -0.007     0.052   0.025  -0.010
  -0.427  -0.220   0.080    -0.585  -0.304   0.112
  -0.040   0.016  -0.007     0.052  -0.026   0.010
   0.421  -0.222   0.079    -0.584   0.311  -0.112
  -0.004  -0.450   0.054     0.004   0.076  -0.009
  -0.021  -0.011   0.009     0.003   0.002  -0.001
  -0.000   0.001  -0.001     0.000   0.000   0.000
   0.022  -0.012   0.009     0.003  -0.002   0.001
   0.000   0.001  -0.001     0.000  -0.000  -0.000

Mode 42
   0.004   0.031  -0.003     0.002   0.001   0.000
   0.002   0.001   0.000     0.001   0.000   0.000
   0.002  -0.001  -0.000    -0.001   0.000   0.000
   0.004  -0.031   0.003    -0.002   0.001   0.000
  -0.001   0.323  -0.038     0.003  -0.009   0.000
  -0.047  -0.023   0.008     0.053   0.025  -0.010
   0.503   0.266  -0.094    -0.593  -0.302   0.112
  -0.048   0.024  -0.009    -0.053   0.025  -0.010
   0.515  -0.279   0.097     0.588  -0.307   0.112
  -0.004  -0.326   0.039    -0.003  -0.008   0.000
  -0.019  -0.011   0.008    -0.003  -0.002   0.001
  -0.001   0.001  -0.004    -0.000   0.000  -0.002
  -0.019   0.011  -0.008     0.003  -0.002   0.001
  -0.001  -0.001   0.004     0.000   0.000  -0.002
